46
0 0 128 0
1 255 106 0
2 255 0 0
3 255 178 127
4 255 127 127
5 182 255 0
6 218 255 127
7 255 216 0
8 255 233 127
9 0 148 255
10 72 0 255
11 48 48 48
12 76 255 0
13 0 255 33
14 0 255 255
15 0 255 144
16 178 0 255
17 127 116 63
18 127 63 63
19 127 201 255
20 127 255 255
21 165 255 127
22 127 255 197
23 214 127 255
24 161 127 255
25 107 63 127
26 63 73 127
27 63 127 127
28 109 127 63
29 255 127 237
30 127 63 118
31 0 74 127
32 255 0 110
33 0 127 70
34 127 0 0
35 33 0 127
36 127 0 55
37 38 127 0
38 127 51 0
39 64 64 64
40 73 73 73
41 0 0 0
42 191 168 247
43 192 192 192
44 127 63 63
45 128 0 128
